0.00 300.00 300.00 300.00 300.00 300.00 300.00 
0.05 300.00 300.00 300.00 300.00 300.00 300.00 
0.10 300.00 300.00 300.00 300.00 300.00 300.00 
0.15 300.00 300.00 300.00 300.00 300.00 300.00 
0.20 300.00 300.00 300.00 300.00 300.00 300.00 
0.25 300.00 300.00 300.00 300.00 300.00 300.00 
0.30 300.00 300.00 300.00 300.00 300.00 300.00 
0.35 300.00 300.00 300.00 300.00 300.00 300.00 
0.40 300.00 300.00 300.00 300.00 300.00 300.00 
0.45 300.00 300.00 300.00 300.00 300.00 300.00 
0.50 300.00 300.00 300.00 300.00 300.00 300.00 
0.55 300.00 300.00 300.00 300.00 300.00 300.00 
0.60 300.00 300.00 300.00 300.00 300.00 300.00 
0.65 300.00 300.00 300.00 300.00 300.00 300.00 
0.70 300.00 300.00 300.00 300.00 300.00 300.00 
0.75 300.00 300.00 300.00 300.00 300.00 300.00 
0.80 300.00 300.00 300.00 300.00 300.00 300.00 
0.85 300.00 300.00 300.00 300.00 300.00 300.00 
0.90 300.00 300.00 300.00 300.00 300.00 300.00 
0.95 300.00 300.00 300.00 300.00 300.00 300.00 
1.00 300.00 300.00 300.00 300.00 300.00 300.00 
