0.00 300.00 300.00 300.00 300.00 300.00 300.00 
0.05 100.00 219.64 235.08 242.21 246.60 249.78 
0.10 100.00 178.56 203.25 215.44 223.18 228.87 
0.15 100.00 147.11 175.45 191.01 201.37 209.22 
0.20 100.00 125.77 152.62 169.65 181.77 191.34 
0.25 100.00 112.88 135.01 151.79 164.82 175.63 
0.30 100.00 105.89 122.24 137.58 150.80 162.42 
0.35 100.00 102.49 113.59 126.91 139.87 151.95 
0.40 100.00 100.98 108.19 119.57 132.08 144.37 
0.45 100.00 100.39 105.29 115.30 127.41 139.79 
0.50 100.00 100.24 104.39 113.90 125.86 138.26 
0.55 100.00 100.39 105.29 115.30 127.41 139.79 
0.60 100.00 100.98 108.19 119.57 132.08 144.37 
0.65 100.00 102.49 113.59 126.91 139.87 151.95 
0.70 100.00 105.89 122.24 137.58 150.80 162.42 
0.75 100.00 112.88 135.01 151.79 164.82 175.63 
0.80 100.00 125.77 152.62 169.65 181.77 191.34 
0.85 100.00 147.11 175.45 191.01 201.37 209.22 
0.90 100.00 178.56 203.25 215.44 223.18 228.87 
0.95 100.00 219.64 235.08 242.21 246.60 249.78 
1.00 300.00 300.00 300.00 300.00 300.00 300.00 
