0.00 300.00 300.00 300.00 300.00 300.00 300.00 
0.05 100.00 242.41 259.68 267.21 271.76 275.01 
0.10 100.00 192.27 221.93 235.82 244.45 250.74 
0.15 100.00 154.17 188.83 207.06 218.94 227.85 
0.20 100.00 128.80 161.65 181.84 195.94 206.96 
0.25 100.00 113.90 140.72 160.73 176.00 188.57 
0.30 100.00 106.12 125.63 143.91 159.49 173.08 
0.35 100.00 102.47 115.47 131.30 146.60 160.78 
0.40 100.00 100.93 109.19 122.63 137.40 151.87 
0.45 100.00 100.35 105.84 117.58 131.90 146.48 
0.50 100.00 100.21 104.79 115.93 130.06 144.68 
0.55 100.00 100.35 105.84 117.58 131.90 146.48 
0.60 100.00 100.93 109.19 122.63 137.40 151.87 
0.65 100.00 102.47 115.47 131.30 146.60 160.78 
0.70 100.00 106.12 125.63 143.91 159.49 173.08 
0.75 100.00 113.90 140.72 160.73 176.00 188.57 
0.80 100.00 128.80 161.65 181.84 195.94 206.96 
0.85 100.00 154.17 188.83 207.06 218.94 227.85 
0.90 100.00 192.27 221.93 235.82 244.45 250.74 
0.95 100.00 242.41 259.68 267.21 271.76 275.01 
1.00 300.00 300.00 300.00 300.00 300.00 300.00 
