0.00 300.00 300.00 300.00 300.00 300.00 300.00 
0.05 100.00 100.00 100.00 100.00 100.00 100.00 
0.10 100.00 100.00 100.00 100.00 100.00 100.00 
0.15 100.00 100.00 100.00 100.00 100.00 100.00 
0.20 100.00 100.00 100.00 100.00 100.00 100.00 
0.25 100.00 100.00 100.00 100.00 100.00 100.00 
0.30 100.00 100.00 100.00 100.00 100.00 100.00 
0.35 100.00 100.00 100.00 100.00 100.00 100.00 
0.40 100.00 100.00 100.00 100.00 100.00 100.00 
0.45 100.00 100.00 100.00 100.00 100.00 100.00 
0.50 100.00 100.00 100.00 100.00 100.00 100.00 
0.55 100.00 100.00 100.00 100.00 100.00 100.00 
0.60 100.00 100.00 100.00 100.00 100.00 100.00 
0.65 100.00 100.00 100.00 100.00 100.00 100.00 
0.70 100.00 100.00 100.00 100.00 100.00 100.00 
0.75 100.00 100.00 100.00 100.00 100.00 100.00 
0.80 100.00 100.00 100.00 100.00 100.00 100.00 
0.85 100.00 100.00 100.00 100.00 100.00 100.00 
0.90 100.00 100.00 100.00 100.00 100.00 100.00 
0.95 100.00 100.00 100.00 100.00 100.00 100.00 
1.00 300.00 300.00 300.00 300.00 300.00 300.00 
