0.00 300.00 300.00 300.00 300.00 300.00 300.00 
0.05 100.00 -686889.95 -69597372829.68 -10321132623888266.00 -1804155320654385643520.00 -346521399625056625467850752.00 
0.10 100.00 973981.45 116920072183.72 18367509973264220.00 3306036778046261821440.00 646870173533741019136262144.00 
0.15 100.00 -823398.85 -131143145114.43 -22679436741483196.00 -4287308347911061372928.00 -865618025292672386887319552.00 
0.20 100.00 492292.66 116386293239.89 23029755540857276.00 4666387570767034843136.00 985634956141707812019372032.00 
0.25 100.00 -217928.79 -86171706048.62 -20291014210510920.00 -4503914597121799487488.00 -1010476910136234523695775744.00 
0.30 100.00 72545.03 54479746478.64 15910024042216332.00 3965829574110620942336.00 961478679167672361972400128.00 
0.35 100.00 -17734.85 -29785718149.15 -11316392731150292.00 -3264946226532019863552.00 -871067406642961193325559808.00 
0.40 100.00 3236.67 14292563965.03 7541926402490770.00 2605317782328022925312.00 774608315110571474266619904.00 
0.45 100.00 -259.70 -6493111388.76 -5141488869397889.00 -2145226293869105381376.00 -702897743013893448795160576.00 
0.50 100.00 142.95 4203390143.68 4326420621932179.00 1981195905065754034176.00 676583055610168119081828352.00 
0.55 100.00 -259.70 -6493111388.76 -5141488869397887.00 -2145226293869105381376.00 -702897743013893448795160576.00 
0.60 100.00 3236.67 14292563965.03 7541926402490766.00 2605317782328021876736.00 774608315110571336827666432.00 
0.65 100.00 -17734.85 -29785718149.15 -11316392731150284.00 -3264946226532018814976.00 -871067406642960781008699392.00 
0.70 100.00 72545.03 54479746478.64 15910024042216322.00 3965829574110619369472.00 961478679167672087094493184.00 
0.75 100.00 -217928.79 -86171706048.62 -20291014210510916.00 -4503914597121797914624.00 -1010476910136233973939961856.00 
0.80 100.00 492292.66 116386293239.89 23029755540857264.00 4666387570767032745984.00 985634956141707124824604672.00 
0.85 100.00 -823398.85 -131143145114.43 -22679436741483184.00 -4287308347911058751488.00 -865618025292671837131505664.00 
0.90 100.00 973981.45 116920072183.72 18367509973264212.00 3306036778046259724288.00 646870173533740606819401728.00 
0.95 100.00 -686889.95 -69597372829.68 -10321132623888262.00 -1804155320654384594944.00 -346521399625056350589943808.00 
1.00 300.00 300.00 300.00 300.00 300.00 300.00 
