300.00 300.00 300.00 300.00 
100.00 260.00 4.00 676.00
100.00 100.00 228.00 -181.60
100.00 100.00 100.00 202.40
100.00 100.00 100.00 100.00
100.00 100.00 100.00 100.00
100.00 100.00 100.00 100.00
100.00 100.00 100.00 100.00
100.00 100.00 100.00 100.00
100.00 100.00 100.00 100.00
100.00 100.00 100.00 100.00
100.00 100.00 100.00 100.00
100.00 100.00 100.00 100.00
100.00 100.00 100.00 100.00
100.00 100.00 100.00 100.00
100.00 100.00 100.00 100.00
100.00 100.00 100.00 100.00
100.00 100.00 100.00 202.40
100.00 100.00 228.00 -181.60
100.00 260.00 4.00 676.00
300.00 300.00 300.00 300.00


